Training size: 375 Test size: 125
[[21  0  2  0  0]
 [ 0 24  1  0  2]
 [ 0  0 26  0  0]
 [ 0  0  0 26  0]
 [ 0  0  1  0 22]]
Accuracy: 0.952
---------------------------------------------------
Training size: 750 Test size: 250
[[49  0  2  0  1]
 [ 0 44  2  0  0]
 [ 0  0 51  0  0]
 [ 0  0  0 46  0]
 [ 0  1  0  0 54]]
Accuracy: 0.976
---------------------------------------------------
Training size: 1125 Test size: 375
[[74  0  6  2  1]
 [ 0 66  0  0  2]
 [ 0  0 83  0  0]
 [ 1  0  0 72  0]
 [ 1  0  0  0 67]]
Accuracy: 0.9653333333333334
---------------------------------------------------
